500 -1
1000 -1
1250 1
1500 1
1750 -1
3000 -1
5000 -1
7000 -1
-1 0
500 -1
1000 -1
1250 1
1500 1
1750 -1
3000 -1
5000 -1
5500 1
5750 -1
6000 -1
6250 1
7000 -1
-1 0
1000 -1
1250 -1
2250 1
2500 1
3500 -1
3750 -1
4750 1
5000 1
6000 -1
6250 -1
7750 -1
9250 -1
9500 -1
9750 1
-1 0
250 -1
500 -1
1000 -1
1750 -1
2750 -1
4000 -1
5500 -1
7000 1
7250 1
9000 1
11000 1
12750 1
14250 1
15500 1
16500 1
17250 1
17750 1
-1 0
1000 -1
2000 -1
2500 -1
3000 1
4500 -1
5500 -1
6000 -1
6500 1
-1 0
1000 -1
1500 -1
2000 -1
4000 1
4500 1
5000 1
-1 0




